%YAML:1.0

cam0:
# IMPORTANT, after transforming from the IMU link to the camera bse (ROS convention), you need to transform to camera optical link (ROS convention)  
  T_imu_cam: #rotation from camera to IMU R_CtoI, position of camera in IMU p_CinI
    - [  0.0000, -0.1736,  0.9848, 0.20 ]
    - [ -1.0000,  0.0000,  0.0000, 0.00 ]
    - [  0.0000, -0.9848, -0.1736, 0.10 ]
    - [  0.0000,  0.0000,  0.0000, 1.00 ]
  cam_overlaps: [0]
  camera_model: pinhole
  distortion_coeffs: [-0.25, 0.12, -0.00028, 0.00005]
  distortion_model: radtan
  intrinsics: [317.21, 317.21, 376.0, 240.0]
  resolution: [752, 480]
  rostopic: "/target/camera"
# cam1:
#   T_imu_cam: #rotation from camera to IMU R_CtoI, position of camera in IMU p_CinI
#     - [0.0125552670891, -0.999755099723, 0.0182237714554, -0.0198435579556]
#     - [0.999598781151, 0.0130119051815, 0.0251588363115, 0.0453689425024]
#     - [-0.0253898008918, 0.0179005838253, 0.999517347078, 0.00786212447038]
#     - [0.0, 0.0, 0.0, 1.0]
#   cam_overlaps: [0]
#   camera_model: pinhole
#   distortion_coeffs: [-0.28368365,0.07451284,-0.00010473,-3.55590700e-05]
#   distortion_model: radtan
#   intrinsics: [457.587, 456.134, 379.999, 255.238] #fu, fv, cu, cv
#   resolution: [752, 480]
#   rostopic: /cam1/image_raw