%YAML:1.0

cam0:
# Extrinsics that match the stereo camera model and TF static transforms
# Stereo cameras separation is 0.3 units (left camera at -0.15, right at +0.15)
  T_imu_cam0:
    - [-0.9848, -0.1736, -0.0000,  0.200]
    - [ 0.0000, -0.0000, -1.0000, -0.150]
    - [ 0.1736, -0.9848,  0.0000,  0.100]
    - [ 0.0000,  0.0000,  0.0000,  1.000]

  cam_overlaps: [1]
  camera_model: pinhole
  distortion_coeffs: [-0.25, 0.12, -0.00028, 0.00005]
  distortion_model: radtan
  intrinsics: [317.21, 317.21, 376.0, 240.0]
  resolution: [752, 480]
  rostopic: "/target/stereo/left/image_raw"
  timeshift_cam_imu: 0.0  # Timeshift between camera and IMU

cam1:
# Extrinsics that match the stereo camera model and TF static transforms
# Stereo cameras separation is 0.3 units (left camera at -0.15, right at +0.15)
  T_imu_cam1:
    - [-0.9848, -0.1736, -0.0000,  0.200]
    - [ 0.0000, -0.0000, -1.0000,  0.150]
    - [ 0.1736, -0.9848,  0.0000,  0.100]
    - [ 0.0000,  0.0000,  0.0000,  1.000]

  cam_overlaps: [0]
  camera_model: pinhole
  distortion_coeffs: [-0.25, 0.12, -0.00028, 0.00005]
  distortion_model: radtan
  intrinsics: [317.21, 317.21, 376.0, 240.0]
  resolution: [752, 480]
  rostopic: "/target/stereo/right/image_raw"
  timeshift_cam_imu: 0.0  # Timeshift between camera and IMU